11001100
11111111
00110011
00000000
11001100
10000001
00110011
00000000
11001100
11111111
00110011
00000000
11001100
11111111
00110011
00000000
11001100
11111111
00110011
00000000
11001100
11111111
00110011
00000000
11001100
11111111
00110011
00000000
11001100
11111111
00110011
00000000
11001100
11111111
00110011
00000000
11001100
11111111
00110011
00000000
11001100
11111111
00110011
00000000
11001100
11111111
00110011
00000000
11001100
11111111
00110011
00000000
11001100
11111111
00110011
00000000
11001100
11111111
00110011
00000000
11001100
11111111
00110011
00000000
11001100
11111111
00110011
00000000
11001100
11111111
00110011
00000000
11001100
11111111
00110011
00000000
11001100
11111111
00110011
00000000
11001100
11111111
00110011
00000000
11001100
11111111
00110011
00000000
11001100
11111111
00110011
00000000
11001100
11111111
00110011
00000000
11001100
11111111
00110011
00000000
11001100
11111111
00110011
00000000
11001100
11111111
00110011
00000000
11001100
11111111
00110011
00000000
11001100
11111111
00110011
00000000
11001100
11111111
00110011
00000000
11001100
11111111
00110011
00000000
11001100
11111111
00110011
00000000
11001100
11111111
00110011
00000000
11001100
11111111
00110011
00000000
11001100
11111111
00110011
00000000
11001100
11111111
00110011
00000000
11001100
11111111
00110011
00000000
11001100
11111111
00110011
00000000
11001100
11111111
00110011
00000000
11001100
11111111
00110011
00000000
11001100
11111111
00110011
00000000
11001100
11111111
00110011
00000000
11001100
11111111
00110011
00000000
11001100
11111111
00110011
00000000
11001100
11111111
00110011
00000000
11001100
11111111
00110011
00000000
11001100
11111111
00110011
00000000
11001100
11111111
00110011
00000000
11001100
11111111
00110011
00000000
11001100
11111111
00110011
00000000
11001100
11111111
00110011
00000000
11001100
11111111
00110011
00000000
11001100
11111111
00110011
00000000
11001100
11111111
00110011
00000000
11001100
11111111
00110011
00000000
11001100
11111111
00110011
00000000
11001100
11111111
00110011
00000000
11001100
11111111
00110011
00000000
11001100
11111111
00110011
00000000
11001100
11111111
00110011
00000000
11001100
11111111
00110011
00000000
11001100
11111111
00110011
00000000
11001100
11111111
00110011
00000000
11001100
11111111
00110011
00000000